1758894109562 1.49774 0
1758894183432 1.69508 1
1758894255802 1.60976 2
1758894327721 1.52324 3
1758894399667 1.43624 4
1758894471408 1.37769 5
1758894543631 1.32441 6
1758894615465 1.26628 7
1758894687994 1.231 8
1758894760163 1.20098 9
1758894832236 1.16574 10
1758894903911 1.14628 11
1758894975343 1.11954 12
1758895046871 1.10722 13
1758895118403 1.07645 14
1758895190070 1.05057 15
1758895261422 1.04373 16
1758895332896 1.03659 17
1758895404413 1.01114 18
1758895475826 1.00869 19
1758895547271 0.98896 20
1758895618951 0.98079 21
1758895690324 0.97931 22
1758895761819 0.95257 23
1758895833188 0.9309 24
1758895904642 0.91704 25
1758895976158 0.91754 26
1758896047883 0.91188 27
1758896119228 0.89098 28
1758896190663 0.86718 29
1758896262142 0.86542 30
1758896333654 0.84718 31
1758896405185 0.8369 32
1758896476662 0.82593 33
1758896548102 0.81525 34
1758896619636 0.80075 35
1758896691174 0.7933 36
1758896762754 0.77603 37
1758896834140 0.7641 38
1758896905608 0.753 39
1758896977685 0.63967 40
1758897049046 0.61453 41
1758897120139 0.60029 42
1758897191460 0.58389 43
1758897262540 0.57139 44
1758897333583 0.55556 45
1758897404772 0.53872 46
1758897475788 0.52474 47
1758897547006 0.51662 48
1758897618192 0.50081 49
