1758894109562 2.62157 0
1758894183432 2.57512 1
1758894255802 2.36922 2
1758894327721 2.20809 3
1758894399667 1.95292 4
1758894471408 1.80034 5
1758894543631 1.67949 6
1758894615465 1.54222 7
1758894687994 1.46575 8
1758894760163 1.4015 9
1758894832236 1.34073 10
1758894903911 1.2812 11
1758894975343 1.2319 12
1758895046871 1.18928 13
1758895118403 1.13725 14
1758895190070 1.11146 15
1758895261422 1.0658 16
1758895332896 1.05601 17
1758895404413 0.99864 18
1758895475826 0.99759 19
1758895547271 0.9837 20
1758895618951 0.96602 21
1758895690324 0.95447 22
1758895761819 0.92058 23
1758895833188 0.88499 24
1758895904642 0.85509 25
1758895976158 0.83648 26
1758896047883 0.83535 27
1758896119228 0.82851 28
1758896190663 0.78355 29
1758896262142 0.7871 30
1758896333654 0.74714 31
1758896405185 0.73921 32
1758896476662 0.71901 33
1758896548102 0.70126 34
1758896619636 0.68694 35
1758896691174 0.68344 36
1758896762754 0.65055 37
1758896834140 0.65089 38
1758896905608 0.63814 39
1758896977685 0.421 40
1758897049046 0.39746 41
1758897120139 0.37889 42
1758897191460 0.36824 43
1758897262540 0.35705 44
1758897333583 0.34377 45
1758897404772 0.33058 46
1758897475788 0.32034 47
1758897547006 0.31592 48
1758897618192 0.30628 49
