1758894109562 1.75848 0
1758894183432 1.89933 1
1758894255802 1.81712 2
1758894327721 1.73024 3
1758894399667 1.66062 4
1758894471408 1.62043 5
1758894543631 1.56586 6
1758894615465 1.52445 7
1758894687994 1.49948 8
1758894760163 1.47694 9
1758894832236 1.44636 10
1758894903911 1.43361 11
1758894975343 1.40489 12
1758895046871 1.39962 13
1758895118403 1.37982 14
1758895190070 1.35683 15
1758895261422 1.35023 16
1758895332896 1.3511 17
1758895404413 1.32415 18
1758895475826 1.3224 19
1758895547271 1.31825 20
1758895618951 1.30694 21
1758895690324 1.3087 22
1758895761819 1.28741 23
1758895833188 1.27278 24
1758895904642 1.2595 25
1758895976158 1.2496 26
1758896047883 1.2543 27
1758896119228 1.23907 28
1758896190663 1.21663 29
1758896262142 1.22242 30
1758896333654 1.2061 31
1758896405185 1.20764 32
1758896476662 1.1936 33
1758896548102 1.18614 34
1758896619636 1.17302 35
1758896691174 1.17732 36
1758896762754 1.16101 37
1758896834140 1.1525 38
1758896905608 1.14976 39
1758896977685 1.06676 40
1758897049046 1.05195 41
1758897120139 1.04117 42
1758897191460 1.03679 43
1758897262540 1.02344 44
1758897333583 1.01485 45
1758897404772 0.99876 46
1758897475788 0.99198 47
1758897547006 0.99062 48
1758897618192 0.97591 49
