1758891608211 0.51305 0
1758891641911 0.57231 1
1758891675983 0.54393 2
1758891707587 0.74991 3
1758891742921 0.82771 4
1758891776321 0.76762 5
1758891808669 0.83606 6
1758891841333 0.85178 7
1758891873358 0.87048 8
1758891907148 0.90434 9
1758891941673 0.89242 10
1758891974545 0.90456 11
1758892008594 0.905 12
1758892041807 0.91458 13
1758892073976 0.92869 14
1758892106118 0.93181 15
1758892138240 0.93294 16
1758892170339 0.92806 17
1758892202595 0.92905 18
1758892234890 0.9331 19
1758892266911 0.93097 20
1758892298082 0.93209 21
1758892333418 0.94445 22
1758892368909 0.93927 23
1758892399779 0.93891 24
1758892431511 0.93688 25
1758892464554 0.94782 26
1758892496492 0.94513 27
1758892528212 0.94922 28
1758892559834 0.94709 29
1758892591356 0.94239 30
1758892623083 0.94484 31
1758892654405 0.94411 32
1758892685787 0.95236 33
1758892716611 0.95537 34
1758892748156 0.94379 35
1758892779888 0.95339 36
1758892811433 0.95807 37
1758892843326 0.95373 38
1758892874700 0.95876 39
1758892906530 0.9479 40
1758892936834 0.95542 41
1758892967615 0.9562 42
1758892998175 0.95939 43
1758893029032 0.94895 44
1758893059773 0.94872 45
1758893090318 0.9504 46
1758893121098 0.95295 47
1758893151806 0.95513 48
1758893182613 0.95443 49
1758893186538 0.9551881759672151 49
