1758891608211 0.29977 0
1758891641911 0.34269 1
1758891675983 0.30251 2
1758891707587 0.47299 3
1758891742921 0.54769 4
1758891776321 0.50001 5
1758891808669 0.58226 6
1758891841333 0.61093 7
1758891873358 0.64138 8
1758891907148 0.64419 9
1758891941673 0.60966 10
1758891974545 0.6703 11
1758892008594 0.68305 12
1758892041807 0.67719 13
1758892073976 0.68966 14
1758892106118 0.70182 15
1758892138240 0.70192 16
1758892170339 0.6894 17
1758892202595 0.7169 18
1758892234890 0.69161 19
1758892266911 0.72444 20
1758892298082 0.72786 21
1758892333418 0.72221 22
1758892368909 0.72748 23
1758892399779 0.72619 24
1758892431511 0.73542 25
1758892464554 0.7413 26
1758892496492 0.73563 27
1758892528212 0.7421 28
1758892559834 0.74183 29
1758892591356 0.74523 30
1758892623083 0.75386 31
1758892654405 0.74958 32
1758892685787 0.75793 33
1758892716611 0.75456 34
1758892748156 0.74539 35
1758892779888 0.76094 36
1758892811433 0.76265 37
1758892843326 0.75767 38
1758892874700 0.77034 39
1758892906530 0.75779 40
1758892936834 0.76894 41
1758892967615 0.7622 42
1758892998175 0.77131 43
1758893029032 0.76789 44
1758893059773 0.77071 45
1758893090318 0.77003 46
1758893121098 0.77033 47
1758893151806 0.77726 48
1758893182613 0.77148 49
1758893186538 0.7765796992557567 49
