1758891608211 0.53244 0
1758891641911 0.63856 1
1758891675983 0.55252 2
1758891707587 0.75999 3
1758891742921 0.79602 4
1758891776321 0.69193 5
1758891808669 0.76906 6
1758891841333 0.8284 7
1758891873358 0.86514 8
1758891907148 0.84008 9
1758891941673 0.87348 10
1758891974545 0.85957 11
1758892008594 0.89264 12
1758892041807 0.91227 13
1758892073976 0.89284 14
1758892106118 0.90437 15
1758892138240 0.93483 16
1758892170339 0.92388 17
1758892202595 0.93376 18
1758892234890 0.90997 19
1758892266911 0.93256 20
1758892298082 0.91508 21
1758892333418 0.93251 22
1758892368909 0.92998 23
1758892399779 0.92296 24
1758892431511 0.93463 25
1758892464554 0.94948 26
1758892496492 0.94071 27
1758892528212 0.95106 28
1758892559834 0.94962 29
1758892591356 0.93107 30
1758892623083 0.93399 31
1758892654405 0.93353 32
1758892685787 0.92442 33
1758892716611 0.94547 34
1758892748156 0.93976 35
1758892779888 0.92976 36
1758892811433 0.95605 37
1758892843326 0.95405 38
1758892874700 0.93739 39
1758892906530 0.93905 40
1758892936834 0.95344 41
1758892967615 0.95471 42
1758892998175 0.96407 43
1758893029032 0.95843 44
1758893059773 0.95966 45
1758893090318 0.94775 46
1758893121098 0.95785 47
1758893151806 0.96293 48
1758893182613 0.96116 49
1758893186538 0.962896784796402 49
