1758891608211 0.51501 0
1758891641911 0.45009 1
1758891675983 0.54442 2
1758891707587 0.69105 3
1758891742921 0.72616 4
1758891776321 0.67639 5
1758891808669 0.76118 6
1758891841333 0.80353 7
1758891873358 0.80936 8
1758891907148 0.85646 9
1758891941673 0.82273 10
1758891974545 0.84021 11
1758892008594 0.84976 12
1758892041807 0.84731 13
1758892073976 0.87308 14
1758892106118 0.90138 15
1758892138240 0.87304 16
1758892170339 0.87368 17
1758892202595 0.88374 18
1758892234890 0.89955 19
1758892266911 0.8914 20
1758892298082 0.89058 21
1758892333418 0.91222 22
1758892368909 0.88831 23
1758892399779 0.88353 24
1758892431511 0.89581 25
1758892464554 0.90928 26
1758892496492 0.90531 27
1758892528212 0.90997 28
1758892559834 0.90328 29
1758892591356 0.9131 30
1758892623083 0.91622 31
1758892654405 0.90445 32
1758892685787 0.93713 33
1758892716611 0.91592 34
1758892748156 0.91798 35
1758892779888 0.93703 36
1758892811433 0.92291 37
1758892843326 0.9225 38
1758892874700 0.92935 39
1758892906530 0.92437 40
1758892936834 0.93368 41
1758892967615 0.93252 42
1758892998175 0.92023 43
1758893029032 0.91665 44
1758893059773 0.91355 45
1758893090318 0.91898 46
1758893121098 0.91422 47
1758893151806 0.91066 48
1758893182613 0.9222 49
1758893186538 0.9106322434978659 49
