1758894109562 0.0004751542904290429 0
1758894183432 0.0009326481688118811 1
1758894255802 0.0013712792471947193 2
1758894327721 0.0013441173999999998 3
1758894399667 0.0013158232 4
1758894471408 0.001287529 5
1758894543631 0.0012592348 6
1758894615465 0.0012309405999999998 7
1758894687994 0.0012026464 8
1758894760163 0.0011743522 9
1758894832236 0.001146058 10
1758894903911 0.0011177638 11
1758894975343 0.0010894695999999998 12
1758895046871 0.0010611754 13
1758895118403 0.0010328811999999999 14
1758895190070 0.001004587 15
1758895261422 0.0009762927999999999 16
1758895332896 0.0009479985999999998 17
1758895404413 0.0009197044000000001 18
1758895475826 0.0008914102 19
1758895547271 0.0008631159999999999 20
1758895618951 0.0008348218000000001 21
1758895690324 0.0008065276 22
1758895761819 0.0007782334000000001 23
1758895833188 0.0007499392 24
1758895904642 0.0007216449999999999 25
1758895976158 0.0006933508 26
1758896047883 0.0006650565999999999 27
1758896119228 0.0006367623999999998 28
1758896190663 0.0006084682000000001 29
1758896262142 0.000580174 30
1758896333654 0.0005518798 31
1758896405185 0.0005235856 32
1758896476662 0.0004952913999999999 33
1758896548102 0.00046699719999999993 34
1758896619636 0.00043870300000000003 35
1758896691174 0.0004104088 36
1758896762754 0.0003821146 37
1758896834140 0.00035382039999999994 38
1758896905608 0.00032552619999999993 39
1758896977685 0.0002972319999999999 40
1758897049046 0.0002689378000000001 41
1758897120139 0.00024064360000000006 42
1758897191460 0.0002123494 43
1758897262540 0.00018405519999999999 44
1758897333583 0.00015576099999999995 45
1758897404772 0.00012746679999999994 46
1758897475788 9.917260000000006e-05 47
1758897547006 7.087840000000005e-05 48
1758897618192 4.2584200000000025e-05 49
