1758891605504 1.29597 0
1758891640201 1.38121 1
1758891674410 1.403 2
1758891706025 1.35534 3
1758891741251 1.29859 4
1758891774758 1.25528 5
1758891807105 1.19477 6
1758891839791 1.17828 7
1758891871762 1.11915 8
1758891905320 1.11403 9
1758891940099 1.09712 10
1758891972817 1.06878 11
1758892006938 1.05756 12
1758892040261 1.03193 13
1758892072394 1.00883 14
1758892104520 0.99534 15
1758892136547 0.99065 16
1758892168809 0.99023 17
1758892201068 0.96048 18
1758892233340 0.96299 19
1758892265338 0.93488 20
1758892296635 0.92998 21
1758892331456 0.92964 22
1758892367333 0.91845 23
1758892398329 0.89236 24
1758892429909 0.88908 25
1758892463002 0.88597 26
1758892494978 0.88503 27
1758892526621 0.87705 28
1758892558334 0.84057 29
1758892589850 0.8409 30
1758892621597 0.82095 31
1758892652886 0.82262 32
1758892684230 0.80817 33
1758892715158 0.79919 34
1758892746676 0.78337 35
1758892778427 0.78833 36
1758892809936 0.77127 37
1758892841772 0.75911 38
1758892873201 0.74584 39
1758892905022 0.63076 40
1758892935367 0.61573 41
1758892966141 0.59793 42
1758892996641 0.58508 43
1758893027445 0.56961 44
1758893058326 0.56015 45
1758893088859 0.54122 46
1758893119599 0.53369 47
1758893150297 0.52268 48
1758893181119 0.5141 49
