1758891605504 3.18008 0
1758891640201 2.21599 1
1758891674410 1.87493 2
1758891706025 1.7715 3
1758891741251 1.57193 4
1758891774758 1.47774 5
1758891807105 1.34918 6
1758891839791 1.27568 7
1758891871762 1.20572 8
1758891905320 1.15447 9
1758891940099 1.13554 10
1758891972817 1.082 11
1758892006938 1.04074 12
1758892040261 1.00577 13
1758892072394 0.955 14
1758892104520 0.94281 15
1758892136547 0.92632 16
1758892168809 0.92221 17
1758892201068 0.87625 18
1758892233340 0.85953 19
1758892265338 0.82805 20
1758892296635 0.83199 21
1758892331456 0.82352 22
1758892367333 0.81471 23
1758892398329 0.76874 24
1758892429909 0.76186 25
1758892463002 0.74416 26
1758892494978 0.74574 27
1758892526621 0.72973 28
1758892558334 0.68782 29
1758892589850 0.70858 30
1758892621597 0.65592 31
1758892652886 0.66752 32
1758892684230 0.64489 33
1758892715158 0.63862 34
1758892746676 0.61358 35
1758892778427 0.62109 36
1758892809936 0.59467 37
1758892841772 0.58956 38
1758892873201 0.57922 39
1758892905022 0.37476 40
1758892935367 0.3614 41
1758892966141 0.34577 42
1758892996641 0.33744 43
1758893027445 0.32391 44
1758893058326 0.31482 45
1758893088859 0.3049 46
1758893119599 0.29825 47
1758893150297 0.28875 48
1758893181119 0.29011 49
