1758891605504 1.47254 0
1758891640201 1.50451 1
1758891674410 1.50576 2
1758891706025 1.47851 3
1758891741251 1.43417 4
1758891774758 1.4021 5
1758891807105 1.35706 6
1758891839791 1.34461 7
1758891871762 1.30996 8
1758891905320 1.3016 9
1758891940099 1.28626 10
1758891972817 1.26886 11
1758892006938 1.26103 12
1758892040261 1.24452 13
1758892072394 1.23127 14
1758892104520 1.21671 15
1758892136547 1.21539 16
1758892168809 1.2172 17
1758892201068 1.19829 18
1758892233340 1.1895 19
1758892265338 1.18328 20
1758892296635 1.17905 21
1758892331456 1.18082 22
1758892367333 1.17061 23
1758892398329 1.15687 24
1758892429909 1.15272 25
1758892463002 1.14626 26
1758892494978 1.14884 27
1758892526621 1.1419 28
1758892558334 1.1137 29
1758892589850 1.12045 30
1758892621597 1.10891 31
1758892652886 1.11131 32
1758892684230 1.09787 33
1758892715158 1.09104 34
1758892746676 1.08754 35
1758892778427 1.09273 36
1758892809936 1.07957 37
1758892841772 1.07439 38
1758892873201 1.06925 39
1758892905022 1.00143 40
1758892935367 0.99914 41
1758892966141 0.98138 42
1758892996641 0.98064 43
1758893027445 0.9663 44
1758893058326 0.9641 45
1758893088859 0.95015 46
1758893119599 0.94873 47
1758893150297 0.94082 48
1758893181119 0.93326 49
