1758894112779 0.04385 0
1758894186537 0.17945 1
1758894258849 0.17678 2
1758894330860 0.27268 3
1758894402771 0.40988 4
1758894474516 0.4186 5
1758894546718 0.47408 6
1758894618701 0.50223 7
1758894691102 0.54117 8
1758894763262 0.59044 9
1758894835299 0.59728 10
1758894906888 0.58142 11
1758894978310 0.59091 12
1758895049923 0.63652 13
1758895121468 0.67324 14
1758895193139 0.67672 15
1758895264398 0.65745 16
1758895335946 0.69202 17
1758895407359 0.67433 18
1758895478772 0.68318 19
1758895550308 0.71099 20
1758895621912 0.70561 21
1758895693269 0.71017 22
1758895764757 0.69067 23
1758895836228 0.70627 24
1758895907668 0.72277 25
1758895979264 0.73349 26
1758896050804 0.73265 27
1758896122247 0.71261 28
1758896193585 0.73144 29
1758896265173 0.75692 30
1758896336561 0.74974 31
1758896408130 0.75405 32
1758896479592 0.74925 33
1758896551127 0.75765 34
1758896622557 0.74409 35
1758896694181 0.76726 36
1758896765679 0.75676 37
1758896837149 0.77383 38
1758896908527 0.76561 39
1758896980621 0.76715 40
1758897051989 0.76338 41
1758897123171 0.77175 42
1758897194386 0.77001 43
1758897265531 0.77556 44
1758897336560 0.77652 45
1758897407746 0.77676 46
1758897478788 0.77304 47
1758897550017 0.7784 48
1758897621298 0.78031 49
1758897626380 0.7797743733923859 49
