1758894112779 0.11285 0
1758894186537 0.32989 1
1758894258849 0.34619 2
1758894330860 0.48394 3
1758894402771 0.6756 4
1758894474516 0.67689 5
1758894546718 0.70889 6
1758894618701 0.74822 7
1758894691102 0.8003 8
1758894763262 0.83477 9
1758894835299 0.85171 10
1758894906888 0.8334 11
1758894978310 0.84295 12
1758895049923 0.89425 13
1758895121468 0.90185 14
1758895193139 0.89516 15
1758895264398 0.88406 16
1758895335946 0.9149 17
1758895407359 0.90286 18
1758895478772 0.90385 19
1758895550308 0.9183 20
1758895621912 0.91158 21
1758895693269 0.92009 22
1758895764757 0.90527 23
1758895836228 0.91836 24
1758895907668 0.92911 25
1758895979264 0.93271 26
1758896050804 0.93267 27
1758896122247 0.91693 28
1758896193585 0.91921 29
1758896265173 0.94772 30
1758896336561 0.93467 31
1758896408130 0.93858 32
1758896479592 0.94408 33
1758896551127 0.94019 34
1758896622557 0.94126 35
1758896694181 0.94351 36
1758896765679 0.94601 37
1758896837149 0.9483 38
1758896908527 0.94453 39
1758896980621 0.94544 40
1758897051989 0.94096 41
1758897123171 0.94285 42
1758897194386 0.94914 43
1758897265531 0.95159 44
1758897336560 0.94938 45
1758897407746 0.94987 46
1758897478788 0.94929 47
1758897550017 0.94777 48
1758897621298 0.94843 49
1758897626380 0.9484181179797225 49
