1758894112779 0.17162 0
1758894186537 0.31568 1
1758894258849 0.4328 2
1758894330860 0.53646 3
1758894402771 0.67292 4
1758894474516 0.6252 5
1758894546718 0.69559 6
1758894618701 0.81778 7
1758894691102 0.76184 8
1758894763262 0.81087 9
1758894835299 0.82809 10
1758894906888 0.83537 11
1758894978310 0.82679 12
1758895049923 0.84695 13
1758895121468 0.86911 14
1758895193139 0.88852 15
1758895264398 0.87636 16
1758895335946 0.92431 17
1758895407359 0.9049 18
1758895478772 0.86526 19
1758895550308 0.8908 20
1758895621912 0.89167 21
1758895693269 0.90962 22
1758895764757 0.90055 23
1758895836228 0.87247 24
1758895907668 0.92543 25
1758895979264 0.90146 26
1758896050804 0.91735 27
1758896122247 0.91708 28
1758896193585 0.91704 29
1758896265173 0.93681 30
1758896336561 0.90489 31
1758896408130 0.91809 32
1758896479592 0.95114 33
1758896551127 0.92544 34
1758896622557 0.91958 35
1758896694181 0.95028 36
1758896765679 0.93943 37
1758896837149 0.94344 38
1758896908527 0.92926 39
1758896980621 0.94732 40
1758897051989 0.92642 41
1758897123171 0.93038 42
1758897194386 0.93563 43
1758897265531 0.94323 44
1758897336560 0.95183 45
1758897407746 0.94443 46
1758897478788 0.94773 47
1758897550017 0.94128 48
1758897621298 0.9366 49
1758897626380 0.9362933837584649 49
