1758894112779 0.22481 0
1758894186537 0.4018 1
1758894258849 0.2764 2
1758894330860 0.44349 3
1758894402771 0.61695 4
1758894474516 0.65257 5
1758894546718 0.6125 6
1758894618701 0.60013 7
1758894691102 0.73967 8
1758894763262 0.77292 9
1758894835299 0.78681 10
1758894906888 0.74957 11
1758894978310 0.79678 12
1758895049923 0.82901 13
1758895121468 0.8655 14
1758895193139 0.82795 15
1758895264398 0.79599 16
1758895335946 0.82869 17
1758895407359 0.85131 18
1758895478772 0.8494 19
1758895550308 0.86818 20
1758895621912 0.87486 21
1758895693269 0.86535 22
1758895764757 0.85397 23
1758895836228 0.90293 24
1758895907668 0.86217 25
1758895979264 0.88578 26
1758896050804 0.88938 27
1758896122247 0.88204 28
1758896193585 0.86383 29
1758896265173 0.89497 30
1758896336561 0.92451 31
1758896408130 0.91874 32
1758896479592 0.89156 33
1758896551127 0.9077 34
1758896622557 0.90938 35
1758896694181 0.89795 36
1758896765679 0.9069 37
1758896837149 0.91534 38
1758896908527 0.9215 39
1758896980621 0.91393 40
1758897051989 0.92313 41
1758897123171 0.91242 42
1758897194386 0.9345 43
1758897265531 0.93252 44
1758897336560 0.93384 45
1758897407746 0.93131 46
1758897478788 0.94246 47
1758897550017 0.95134 48
1758897621298 0.94791 49
1758897626380 0.9479714078989381 49
