1758891605504 0.0004751542904290429 0
1758891640201 0.0009326481688118811 1
1758891674410 0.0013712792471947193 2
1758891706025 0.0013441173999999998 3
1758891741251 0.0013158232 4
1758891774758 0.001287529 5
1758891807105 0.0012592348 6
1758891839791 0.0012309405999999998 7
1758891871762 0.0012026464 8
1758891905320 0.0011743522 9
1758891940099 0.001146058 10
1758891972817 0.0011177638 11
1758892006938 0.0010894695999999998 12
1758892040261 0.0010611754 13
1758892072394 0.0010328811999999999 14
1758892104520 0.001004587 15
1758892136547 0.0009762927999999999 16
1758892168809 0.0009479985999999998 17
1758892201068 0.0009197044000000001 18
1758892233340 0.0008914102 19
1758892265338 0.0008631159999999999 20
1758892296635 0.0008348218000000001 21
1758892331456 0.0008065276 22
1758892367333 0.0007782334000000001 23
1758892398329 0.0007499392 24
1758892429909 0.0007216449999999999 25
1758892463002 0.0006933508 26
1758892494978 0.0006650565999999999 27
1758892526621 0.0006367623999999998 28
1758892558334 0.0006084682000000001 29
1758892589850 0.000580174 30
1758892621597 0.0005518798 31
1758892652886 0.0005235856 32
1758892684230 0.0004952913999999999 33
1758892715158 0.00046699719999999993 34
1758892746676 0.00043870300000000003 35
1758892778427 0.0004104088 36
1758892809936 0.0003821146 37
1758892841772 0.00035382039999999994 38
1758892873201 0.00032552619999999993 39
1758892905022 0.0002972319999999999 40
1758892935367 0.0002689378000000001 41
1758892966141 0.00024064360000000006 42
1758892996641 0.0002123494 43
1758893027445 0.00018405519999999999 44
1758893058326 0.00015576099999999995 45
1758893088859 0.00012746679999999994 46
1758893119599 9.917260000000006e-05 47
1758893150297 7.087840000000005e-05 48
1758893181119 4.2584200000000025e-05 49
